2,5736027	8,4691894
2,2138303	8,8008433
-6,5950683	-5,0788558
2,5530102	9,3346994
-5,7245455	-5,0555254
-6,0688554	-5,7230389
-5,890922	-5,9355964
-3,8588538	6,5644277
-6,4583347	-5,9014192
-5,5663462	-3,9935286
-5,391818	-5,2506719
-6,5305902	-5,1497818
-4,2425718	6,2417802
-6,0722027	-5,69186
-5,9901011	-4,6799819
-6,0275943	-5,2356057
-4,9591084	6,6613714
-4,718754	6,7904483
-5,6962162	-4,2016049
-4,3205907	6,2666426
-4,1535386	6,2783887
-5,8989044	-4,6929288
-6,2500675	-4,7189378
-5,4831704	-5,4465438
-5,7084639	-4,4543705
-4,7168121	6,523046
-5,7066048	-5,2911812
-4,4347608	6,0915454
-4,7809125	6,1044307
2,1875043	8,8650375
-6,1904589	-4,8322223
-5,9378052	-5,651773
-6,0836031	-4,7685477
2,5878767	8,989478
-6,6011794	-4,9990082
-5,6080059	-5,2245341
-5,1697985	-4,6294233
-4,6345277	7,2789914
-5,1485243	-4,1766058
-4,5556026	6,8401412
-4,9235437	6,6808616
-5,605772	-5,8301683
1,9386281	8,6857165
-6,171435	-4,8787846
-3,8423319	6,8359329
-6,2588675	-5,1597609
-3,739386	6,5628037
-4,3519047	6,0738278
2,1266396	8,9635863
-5,2834579	-5,4753685
-4,455095	6,2208949
-5,9497868	-5,6882371
2,2045351	8,9693425
-4,6291159	6,3431854
-5,6622248	-4,1702988
-6,1060553	-4,6489868
2,646388	8,671474
-6,394918	-4,7132821
2,1768798	8,423438
-6,6085112	-5,0265597
-6,548478	-5,0504974
-7,1864441	-5,1692544
-6,5268523	-5,777118
-6,9881823	-5,2474154
-4,7794656	6,7953286
-5,911958	-5,0425419
-6,4087837	-5,3688692
2,6230164	8,8789077
-5,6821862	-5,4405353
-6,1542659	-5,4066918
-4,0489583	6,0064797
-6,1573483	-5,0515337
-6,242137	-5,7133095
-5,8190936	-5,2266861
-6,0062068	-6,2336767
-6,3926408	-5,4875609
-6,1899035	-5,6893094
-5,860264	-5,3881644
1,9845467	8,8795009
-6,1023403	-4,6882056
-5,0447922	6,4535787
-4,6419487	6,533172
-4,5716743	6,4627803
-4,9657363	6,7109732
-6,9820827	-5,1807355
-4,0714309	5,8514667
-6,3691772	-4,5884661
-4,4534553	6,2906552
2,2558304	8,8830667
-4,2936165	6,0580769
-5,8142152	-5,4510462
-7,379191	-5,0009255
-5,7004522	-5,599464
-4,9448911	-4,7788963
-6,7443807	-5,0647532
2,3448118	8,7370322
-5,6167408	-4,6460352
2,3799746	8,0005863
-4,8702744	6,4055631
-6,0878917	-6,1446242
-5,3988909	-4,6416567
-5,7361744	-5,4207592
-6,9064909	-5,6402808
-6,4283385	-5,2999628
-6,2853799	-4,5466996
-5,686305	-5,1788723
-5,610007	-4,8829458
-4,6979613	6,4833848
-4,8413807	6,5451603
-6,221914	-4,4322194
-4,4489497	6,1471325
-5,7951754	-5,3201481
-6,5431524	-5,5264469
2,1290478	8,4359593
2,2151759	8,6127468
-6,9090508	-5,9541762
-4,9005886	6,9060312
-5,6736596	-4,1131411
-4,5327337	7,1750911
-4,4799489	6,1296034
-6,2318444	-5,8834754
-4,6595396	6,7077353
-5,4137499	-4,5475473
-6,6286211	-5,1479519
-3,9776856	6,4667556
-4,7220081	6,7327939
-7,2268027	-4,9794179
-6,253176	-4,9159138
-4,1166336	6,80028
-3,7943323	6,4528457
-6,0633386	-5,6811841
-5,6232662	-5,1678145
-6,1694667	-5,3626152
-4,6064193	6,3893925
-5,2650234	6,8507352
-6,5395562	-6,5062566
2,3622226	8,5231333
-7,0418245	-6,0420408
-4,6006475	6,4895967
-6,1644028	-4,9384693
2,4506497	9,0652812
-5,1039911	7,0777358
2,1777141	8,921385
2,4326826	8,6151812
-5,8753655	-4,5880746
2,2278791	8,2539495
-5,7143602	-4,3199144
-5,7575069	-4,5913785
-6,1743947	-5,0024888
-5,574155	-5,3362724
-4,6802237	7,0222901
-5,6904499	-4,9909772
-6,0446457	-4,4176989
-6,2382099	-5,3757038
-6,0041162	-4,9500414
-4,1946822	5,9593692
-6,7993809	-6,3170123
-6,1013803	-4,2471728
-4,5265997	6,5507733
-7,4689154	-5,6177895
-3,838506	6,5390635
-6,2675761	-5,4749096
-4,3795737	5,964609
-4,5623654	6,3567093
-6,4342454	-4,9195556
-4,611183	6,8226695
-5,7179704	-5,2584089
2,1284931	8,8337018
2,7171366	8,7464089
-5,723922	-5,6769445
-4,8849045	6,8988768
-5,1164719	7,5796282
-4,9068081	6,5634999
-6,4313381	-5,1403345
-6,0807998	-5,2529509
-4,1273385	6,9276152
-5,9417557	-5,2667683
-6,3296429	-5,8838589
-6,1889174	-4,8550213
-5,9913163	-5,1032013
-5,3821774	-4,6772703
2,435177	8,5556865
-5,9734675	-4,3694288
2,3795256	8,6295658
-6,1716516	-5,8492775
-6,4917131	-5,4235272
-4,7896957	6,1280773
-4,4442609	5,3304863
-6,7053864	-5,1222483
-3,9378396	6,4232543
-5,9419926	-4,7671811
-6,0255645	-5,8428084
-4,8142463	6,1808055
2,4178585	8,1970491
-6,2971611	-5,5114345
-4,178705	6,9688909
2,0494644	8,6021505
-5,74286	-5,0263729
2,4830288	9,2382146
-5,0209994	7,1029834
-4,3937066	6,8690167
-4,1221006	5,9422106
-6,272442	-4,9427552
-6,3581417	-4,2596881
-4,1876557	6,7024598
-5,5081257	-6,0572962
-5,5134429	-4,6468201
-4,3916128	6,6459246
-4,5377877	6,9344524
-4,7753145	7,4160987
-6,533299	-4,5720319
-7,2629586	-4,6627153
-5,7299801	-4,3430754
-4,3028228	6,1190081
1,7253744	8,454781
-4,2463987	6,5099985
-6,3529534	-5,3318276
-6,6285021	-5,8046478
2,4033879	8,8242414
-5,2645678	-4,3268103
-5,0988904	7,1942368
2,4277744	8,6317015
-5,0223724	7,0722262
-6,5534205	-5,1524873
-6,7448441	-5,1248869
2,1698055	8,8624168
2,5434656	8,4973933
-6,4182009	-5,1793578
-4,3910967	7,0620358
-5,3969177	-5,7590681
-6,4944861	-5,1165064
-6,1299026	-4,7342707
1,8726197	8,7351279
-4,330746	5,9843686
-6,2328242	-4,8810668
2,3985168	8,5894431
-5,1271882	6,1878152
-6,5948431	-4,8648561
-4,5785224	6,5654461
-4,7762562	6,0097094
-5,3683579	6,0876152
-6,2283169	-4,6986305
2,024008	8,9288914
-6,9532009	-5,6586518
-5,107075	7,3940925
2,3706844	8,9153609
-5,0259896	6,6202276
-6,1717242	-4,9321478
-5,2191979	-3,939163
-6,2805309	-5,4752032
-6,596877	-6,0074251
-4,1432638	6,4196458
-5,411427	-4,3082464
2,1742987	8,3539836
-4,523095	6,19639
-4,9460514	-5,8187222
-5,906931	-6,100299
-6,3616861	-5,6260126
-5,9021184	-4,7133317
-6,2715748	-3,9482126
2,2214667	8,8240163
-4,5008685	6,7466608
-4,3849161	6,7881288
-4,3868368	6,4190812
2,6495327	8,3923884
-4,7363815	-4,7538377
-5,5572668	-5,8099358
-4,6213397	6,428652
-4,9306132	6,2524815
-5,1742465	-5,544218
-6,2443108	-5,9868828
-4,5579434	6,6265003
-6,2528498	-4,7538067
-7,066257	-5,1129496
-4,0712274	5,9522184
-4,8334249	-4,6447231
-6,7854854	-4,6871443
-4,2026844	5,8488106
-6,3592495	-5,4311333
-4,8896834	6,4141274
-4,7408936	6,4909278
-3,9506351	6,7778895
-5,9299323	-5,3060913
-5,0581369	-4,9446822
-6,0727878	-4,7064658
-4,0782592	6,5107787
-4,7686063	6,3728381
-6,8654362	-4,4669118
-5,3911538	6,3185017
-6,1042399	-5,6431224
1,9877787	8,2568957
-5,1261484	-5,089282
-6,9368071	-5,2075275
-5,3772752	7,0037141
-4,595883	-4,763325
-4,6149221	6,1916183
-4,9395245	7,3594262
-6,9601216	-5,7546699
-7,0239756	-5,1566691
-6,0144205	-4,9601941
-6,1609614	-5,046433
-6,0321336	-4,415763
-5,7817291	-4,6646077
-5,6907356	-5,1112407
2,3772212	8,6296092
-4,7033483	7,3392869
-6,1159641	-4,385481
-6,7195981	-5,4969393
-6,3261541	-5,8321803
-6,44621	-5,2844132
-6,0200533	-4,7750138
-4,5673311	6,5878024
-4,4539203	6,5388849
-5,3326807	-5,0910594
-4,8792871	7,0034795
-6,4459131	-5,8619738
-5,5952505	-5,2898324
-5,1287632	6,2788024
-6,8776295	-5,0448185
-4,0368588	6,3239635
1,7344624	8,2992107
-5,6396122	-5,3284684
-4,6396942	6,7143129
-4,6828878	6,0443123
-4,2044299	7,1678308
-6,3766032	-4,7500962
-6,7800596	-6,1848725
-5,7894862	-4,3022451
-4,5487986	6,6334964
-5,9339576	-4,6424653
-4,9675115	-4,8846936
-3,9090655	5,9599391
2,2414222	9,1167495
-6,6167224	-5,013874
-6,5300735	-4,6738871
2,0622506	8,6602345
-6,5283941	-5,9232374
-4,9417217	6,8424866
-6,491194	-5,8040441
-5,2953705	-5,2982828
-4,3340704	6,5081689
-6,1447455	-5,2840958
2,9174709	9,1469606
-5,0773361	-4,2495523
2,2851656	8,4876571
-4,2803438	6,1500453
-6,1648511	-5,4092098
-5,0421147	-4,7641819
-5,5748382	-5,1273692
2,1483977	8,1001365
-7,042286	-4,9713251
-5,9871708	-6,0529398
-4,5606245	6,2270971
-4,2648748	6,6999524
-6,6569464	-5,1829145
-6,3055179	-5,2328106
-6,4521659	-5,3778364
-6,0131082	-5,3159661
-6,4479162	-4,3072891
-5,9213389	-5,5274808
-6,2916485	-6,2671051
2,2270222	8,2007123
-5,2178692	-4,7101212
-4,477599	6,2105669
2,1134625	8,6928459
-4,1120365	6,4112969
-6,4254803	-5,2062582
-4,3146139	6,6765406
-5,9762164	-4,8321851
-4,9319225	6,3331211
-6,2804203	-4,8949894
-5,3681104	-4,8624907
-5,8985477	-5,2379857
-6,6649264	-5,0855727
-5,6052781	-5,0725485
-5,0058147	6,4754167
-6,6831385	-5,4202328
1,8956661	8,3225108
-4,4791004	5,6644648
-6,3798422	-5,2366834
-6,575339	-4,7735855
2,39577	8,6289793
-6,3413581	-4,7855551
-5,8882299	-5,6626071
2,3239448	9,0923055
-6,0082124	-5,840423
-4,7110768	6,3500898
-7,0053684	-4,6689333
2,6230855	8,358458
-5,6554029	-5,3706174
-6,468648	-4,9156043
-6,832842	-4,7960094
-5,1062659	6,9069954
-6,2958557	-6,3230591
2,414154	8,4324597
-4,1696834	6,3165028
-4,5385906	5,4512901
-4,5860678	6,3656571
2,5348982	8,4974145
-4,8563831	6,9589567
2,0640297	8,6939523
-6,2379964	-5,2937457
-6,2605556	-4,3128441
-6,5649892	-5,6207285
-6,9732095	-5,1924175
-6,2980644	-4,4329041
-4,7094646	6,4110834
-5,7973498	-4,7335754
-5,9678193	-5,7688792
-6,4046618	-4,8730265
-6,6618111	-5,4076236
-6,7597086	-5,0455349
-6,4544088	-5,2810658
-5,922093	-4,7523849
-5,7621948	-5,6820772
2,3396282	8,3714098
-6,3379667	-4,801908
-6,525508	-4,9139186
-4,2425133	6,5928499
-4,6814355	-5,1683216
-6,2144934	-4,3191248
1,6073812	8,3285046
-4,4974531	6,5072368
-6,8134337	-5,8340876
-4,8208883	6,2952276
-4,3871467	5,8364795
-6,7631943	-5,8751127
-4,2878006	6,3763248
-6,0130446	-5,8764139
1,7941733	8,3208779
-6,5430966	-6,2027678
-5,8694616	-4,2818113
-5,2464992	-4,5262502
2,4826794	9,1086984
-4,9269399	6,484337
-5,1552223	-4,4193736
2,3312799	8,822669
-6,225008	-4,8677687
-7,0236524	-5,0056343
-4,3471586	6,8596272
-5,7426639	-4,4581907
2,1142325	8,7197067
-6,287309	-5,7123053
-6,4874109	-5,1723503
-6,7205788	-5,4607926
-6,4980894	-4,5681206
-7,1059061	-5,9338335
-6,9029387	-5,0441986
-6,1256245	-4,9985512
-4,1681399	6,6366476
-5,3642138	-4,7170605
-4,2918456	7,0063067
-6,527491	-5,2373046
-5,9593212	-4,7370906
2,4750076	9,0785536
-5,8035162	-4,9191168
-5,7775601	-4,3233128
-5,7787634	-5,3709679
-6,7814104	-5,6529668
-5,1103668	6,802742
-5,0897137	-4,7853237
-4,4216086	7,1516891
2,1256377	9,1626189
-5,906452	-5,156848
-6,8979899	-5,4975544
-7,5206158	-5,601315
-5,7128809	-4,9244649
1,8472926	8,8616274
-6,5238234	-5,0877096
-4,1620611	6,8091033
-6,1134408	-4,9479896
-6,060974	-5,4377354
2,178404	8,3709335
-6,2617584	-4,4395389
-7,6920637	-4,8793309
-5,5087185	-5,3801775
-6,3971873	-5,3949895
-6,0156247	-5,4770648
-5,492037	-4,9907125
-5,9944291	-3,6511177
-4,208996	5,9349145
-4,3254948	5,715607
-6,527386	-4,4255423
-7,0482021	-4,8590232
2,5713558	8,7647832
-5,7058128	-4,5909475
-4,500167	7,0509933
-6,686942	-5,4963774
-4,5427589	6,5009282
-6,6903176	-4,9658015
-5,1193526	6,4384189
-7,2660546	-5,4053439
-5,3587246	-4,3922029
-6,3975276	-5,9040642
-6,6047216	-4,8234076
-5,8666526	-4,9557245
2,0004655	8,3334095
-6,050083	-6,6549591
-4,980073	-4,958542
-7,060256	-6,0674691
-7,1199796	-5,8345495
-6,3711471	-5,5568712
-6,2907704	-5,1647075
-4,3526287	6,4049924
-6,8079029	-5,6808082
-4,2413916	6,4917383
2,153246	9,2137319
-6,3778907	-5,2341287
-6,2811704	-4,8068928
2,2777639	8,0813697
-6,4358998	-5,2907816
-6,6166588	-4,9781173
-6,8142246	-5,2932546
-6,9868268	-4,9543243
-5,949388	-5,1206653
-4,1204356	6,4310187
-5,7319102	-4,1638627
-5,2194791	6,7962674
